param ilha_ini		:= 20       ;
param ilha_fin		:= 24       ;
param M_min			:= 0.95		;
param M_max			:= 1.00		;


param:	T: 		c_P1	c_S1	c_P2 	c_S2	:= 
		1		0.12	0.08	0.15	0.05	
		2		0.12	0.08	0.15   	0.05	
		3		0.12	0.08	0.15   	0.05	
		4		0.12	0.08	0.15   	0.05	
		5		0.12	0.08	0.15   	0.05	
		6		0.12	0.08	0.15   	0.05	
		7		0.12	0.08	0.15   	0.05	
		8		0.12	0.08	0.15   	0.05	
		9		0.12	0.08	0.15   	0.05	
		10 		0.12	0.08	0.15   	0.05	
		11 		0.12	0.08	0.15   	0.05	
		12 		0.12	0.08	0.15   	0.05	
		13 		0.12	0.08	0.15   	0.05	
		14 		0.12	0.08	0.15   	0.05	
		15 		0.12	0.08	0.15   	0.05	
		16 		0.12	0.08	0.15   	0.05	
		17 		0.12	0.08	0.15   	0.05	
		18 		0.40	0.25	0.45   	0.20	
		19 		0.40	0.25	0.45   	0.20	
		20 		0.40	0.25	0.45   	0.20	
		21 		0.40	0.25	0.45   	0.20	
		22 		0.12	0.08	0.15   	0.05	
		23 		0.12	0.08	0.15   	0.05	
		24 		0.12	0.08	0.15   	0.05	
;

##########################################################################################
###################################		AC MICROGRID 	##################################
##########################################################################################
param vb			:= 12.66	; 	# kV
param tao 			:= 7		;
param frec_0		:= 50.2		;
param frec_max		:= 50.5		;
param frec_min		:= 49.5		;


#PV Generation
param : bus: 	P_PV:= 
		#		kw
		6		1e3
		24		1e3
		25		1e3
;

#WT Generation
param : bus: 	P_WT:= 
		#		kw
		17		2e3
		13		2e3
;

#CG Generation
param Pmax_CG			:= 2e3	;
param : bus: 	pf		R_up	R_down	c_CG	:= 				
		1		0.9		800		-800	0.50	
		11		0.9     800		-800    0.50   	
;

#ESSs
param: bus: 	c_ESSc 		c_ESSd		Capacity	pf		n_c		n_d		Pmax_c	Pmax_d	SOCmax	SOCmin	SOC_0	SOCmin_tao	:=		
		25 		0.01		0.01		2e3			0.9		0.95	0.97	700		1000	1960	150		150		150         
		24 		0.01		0.01		2e3			0.9		0.95	0.97	700		1000	1960	150		150		150         
		6 		0.01		0.01		2e3			0.9		0.95	0.97	700		1000	1960	150		150		150         
;


# Capacitor Bank
param: bus: 	QCB_max	:=	
		32 		1e3
;


param: 
N: 		Pd 		Qd		c_LS	 :=
#bus 	kW 		kVAr    $/kW     
0		0		0       00.00    
1		100		60      01.81    
2		90		40      01.81    
3		120		80      01.81    
4		60		30      35.14    
5		60		20      35.14    
6		200		100     35.14    
7		200		100     01.81    
8		60		20      01.81    
9		60		20      01.81    
10		45		30      01.81    
11		60		35      01.81    
12		60		35      01.81    
13		120		80      01.81    
14		60		10      35.14    
15		60		20      35.14    
16		60		20      35.14    
17		90		40      35.14    
18		90		40      35.14    
19		90		40      01.81    
20		90		40      01.81    
21		90		40      01.81    
22		90		50      01.81    
23		420		200     01.81    
24		420		200     01.81    
25		60		25      12.26    
26		60		25      12.26    
27		60		20      12.26    
28		120		70      12.26    
29		200		600     35.14    
30		150		70      35.14    
31		210		100     35.14    
32		60		40      35.14    
;  


param: 	
L: 				R		X		Imax	:=
#l  m 	n		ohm     ohm      A     
1	0	1		0.00922	0.0047	500	   
2	1	2		0.0493	0.02511	500    
3	2	3		0.0366	0.01864	500    
4	3	4		0.03811	0.01941	500    
5	4	5		0.0819	0.0707	500    
6	5	6		0.01872	0.06188	500    
7	6	7		0.07114	0.02351	500    
8	7	8		1.003	0.074	500    
9	8	9		1.0044	0.074	500    
10	9	10		0.01966	0.0065	500    
11	10	11		0.03744	0.01238	500    
12	11	12		1.0468	1.0155	500    
13	12	13		0.05416	0.07129	500    
14	13	14		0.0591	0.0526	500    
15	14	15		0.07463	0.0545	500    
16	15	16		1.0289	1.0721	500    
17	16	17		0.0732	0.0574	500    
18	1	18		0.0164	0.01565	500    
19	18	19		1.05042	1.03554	500    
20	19	20		0.04095	0.04784	500    
21	20	21		0.07089	0.09373	500    
22	2	22		0.04512	0.03083	500    
23	22	23		0.0898	0.07091	500    
24	23	24		0.0896	0.07011	500    
25	5	25		0.0203	0.01034	500    
26	25	26		0.02842	0.01447	500    
27	26	27		1.0059	0.09337	500    
28	27	28		0.08042	0.07006	500    
29	28	29		0.05075	0.02585	500    
30	29	30		0.09744	0.0963	500    
31	30	31		0.03105	0.03619	500    
32	31	32		0.0341	0.05302	500    
;



##########################################################################################
###################################		DC MICROGRID 	##################################
##########################################################################################
 
param vb_DC     := 20.67	; 	# kV
param pf_IC		:= 0.9		; 

#PVs
param : bus: 	P_PV_DC:= 
		#		kw
		3		1e3
;


#CGs
param Pmax_CG_DC			:= 1e3	;
param : DG_DC: 	R_up_DC		R_down_DC	c_CG_DC		:= 
		#				
		4		500			-500	 	0.50	
;

#ESSs
param: ESS_DC: 	c_ESSc_DC 	c_ESSd_DC	Capacity	nc_DC	nd_DC	Pmax_c_DC	Pmax_d_DC	SOCmax_DC	SOCmin_DC	SOC_0_DC	SOCmin_tao_DC	:=		
		2 		0.01		0.01		1e3			0.95	0.97	400			600			980			150			150			150
;



param: 
N_DC: 	Pd_DC  	Qd_DC	c_LS_DC		:=
#Nó 	kW 		kVAr	$/kW    
0		10		0       01.81   
1		20		0      	01.81   
2		250		0      	35.14   
3		200		0      	35.14   
4		150		0      	12.26   
5		110		0      	12.26   
;  

param: 	
L_DC: 			R_DC	X_DC	Imax_DC		:=
#l  m 	n		ohm     ohm      A      	
1	0	1		0.427	0.047	100	    	
2	1	2		0.427	0.2511	100     	
3	2	3		0.427	0.1864	100     	
4	0	4		0.427	0.1941	100     	
5	4	5		0.427	0.707	100     	
;


let Vmax		:= vb*1.05		;		
let Vmin 		:= vb*0.95		;	

let Vmax_DC		:= vb_DC*1.05	;		
let Vmin_DC		:= vb_DC*0.95	;	