# 50 scenarios
param	f_PV: 	1	2	3	4	5	6	7	8	9	10	11	12	13	14	15	16	17	18	19	20	21	22	23	24	25	26	27	28	29	30	31	32	33	34	35	36	37	38	39	40	41	42	43	44	45	46	47	48	49	50	:=
1	0.0000	0.0000	0.0000	0.0000	0.0000	0.0000	0.0000	0.0000	0.0000	0.0000	0.0000	0.0000	0.0000	0.0000	0.0000	0.0000	0.0000	0.0000	0.0000	0.0000	0.0000	0.0000	0.0000	0.0000	0.0000	0.0000	0.0000	0.0000	0.0000	0.0000	0.0000	0.0000	0.0000	0.0000	0.0000	0.0000	0.0000	0.0000	0.0000	0.0000	0.0000	0.0000	0.0000	0.0000	0.0000	0.0000	0.0000	0.0000	0.0000	0.0000
2	0.0000	0.0000	0.0000	0.0000	0.0000	0.0000	0.0000	0.0000	0.0000	0.0000	0.0000	0.0000	0.0000	0.0000	0.0000	0.0000	0.0000	0.0000	0.0000	0.0000	0.0000	0.0000	0.0000	0.0000	0.0000	0.0000	0.0000	0.0000	0.0000	0.0000	0.0000	0.0000	0.0000	0.0000	0.0000	0.0000	0.0000	0.0000	0.0000	0.0000	0.0000	0.0000	0.0000	0.0000	0.0000	0.0000	0.0000	0.0000	0.0000	0.0000
3	0.0000	0.0000	0.0000	0.0000	0.0000	0.0000	0.0000	0.0000	0.0000	0.0000	0.0000	0.0000	0.0000	0.0000	0.0000	0.0000	0.0000	0.0000	0.0000	0.0000	0.0000	0.0000	0.0000	0.0000	0.0000	0.0000	0.0000	0.0000	0.0000	0.0000	0.0000	0.0000	0.0000	0.0000	0.0000	0.0000	0.0000	0.0000	0.0000	0.0000	0.0000	0.0000	0.0000	0.0000	0.0000	0.0000	0.0000	0.0000	0.0000	0.0000
4	0.0001	0.0000	0.0008	0.0000	0.0002	0.0065	0.0000	0.0000	0.0085	0.0001	0.0008	0.0000	0.0001	0.0000	0.0000	0.0000	0.0002	0.0000	0.0009	0.0105	0.0000	0.0025	0.0000	0.0000	0.0010	0.0043	0.0045	0.0001	0.0065	0.0092	0.0000	0.0001	0.0000	0.0000	0.0008	0.0073	0.0000	0.0002	0.0000	0.0000	0.0000	0.0000	0.0008	0.0002	0.0000	0.0000	0.0001	0.0000	0.0000	0.0001
5	0.0012	0.0000	0.0373	0.0002	0.0029	0.0734	0.0000	0.0000	0.0862	0.0072	0.0356	0.0000	0.0037	0.0007	0.0000	0.0000	0.0112	0.0000	0.0161	0.0868	0.0000	0.0433	0.0000	0.0000	0.0253	0.0518	0.0521	0.0049	0.0661	0.0755	0.0000	0.0014	0.0000	0.0000	0.0215	0.0788	0.0006	0.0062	0.0000	0.0000	0.0000	0.0000	0.0235	0.0230	0.0038	0.0000	0.0041	0.0016	0.0000	0.0057
6	0.0159	0.0002	0.1459	0.0018	0.0091	0.1878	0.0000	0.0000	0.2113	0.0515	0.1401	0.0000	0.0162	0.0072	0.0000	0.0000	0.0694	0.0000	0.0857	0.2037	0.0003	0.1407	0.0000	0.0004	0.0972	0.1350	0.1478	0.0277	0.1641	0.1793	0.0001	0.0108	0.0000	0.0000	0.0960	0.1990	0.0069	0.0499	0.0031	0.0022	0.0003	0.0004	0.1013	0.1156	0.0502	0.0009	0.0341	0.0144	0.0000	0.0407
7	0.0756	0.0059	0.2861	0.0177	0.0287	0.3203	0.0001	0.0012	0.3488	0.1445	0.2771	0.0003	0.0609	0.0353	0.0014	0.0006	0.1829	0.0036	0.2130	0.3352	0.0090	0.2703	0.0011	0.0148	0.1950	0.2295	0.2625	0.0865	0.2725	0.3026	0.0069	0.0552	0.0017	0.0005	0.2122	0.3346	0.0431	0.1556	0.0307	0.0192	0.0090	0.0040	0.2124	0.2532	0.1579	0.0119	0.1149	0.0614	0.0026	0.1302
8	0.1759	0.0331	0.4253	0.0753	0.0617	0.4490	0.0083	0.0084	0.4831	0.2642	0.4131	0.0066	0.1420	0.1065	0.0199	0.0107	0.3136	0.0262	0.3610	0.4605	0.0485	0.4024	0.0083	0.0782	0.3007	0.3219	0.3651	0.1787	0.3764	0.4241	0.0354	0.1442	0.0178	0.0095	0.3424	0.4626	0.1180	0.2817	0.0902	0.0495	0.0398	0.0196	0.3353	0.3969	0.2871	0.0419	0.2313	0.1486	0.0180	0.2482
9	0.2834	0.0887	0.5475	0.1623	0.1132	0.5609	0.0551	0.0376	0.6018	0.3784	0.5306	0.0467	0.2403	0.1987	0.0707	0.0440	0.4290	0.0753	0.5024	0.5664	0.1270	0.5187	0.0391	0.1775	0.4025	0.4025	0.4539	0.2778	0.4665	0.5292	0.0813	0.2415	0.0701	0.0497	0.4620	0.5760	0.2040	0.4012	0.1657	0.0998	0.0970	0.0654	0.4457	0.5166	0.4130	0.0923	0.3452	0.2495	0.0558	0.3581
10	0.3697	0.1499	0.6414	0.2502	0.1739	0.6483	0.1162	0.0783	0.6950	0.4681	0.6177	0.1027	0.3278	0.2822	0.1316	0.0874	0.5137	0.1238	0.6093	0.6518	0.2150	0.6067	0.0804	0.2732	0.4823	0.4615	0.5265	0.3601	0.5409	0.6078	0.1391	0.3262	0.1346	0.1024	0.5539	0.6647	0.2776	0.4955	0.2385	0.1663	0.1609	0.1181	0.5311	0.6069	0.5155	0.1534	0.4386	0.3416	0.1009	0.4408
11	0.4255	0.1984	0.7007	0.3132	0.2191	0.7074	0.1670	0.1112	0.7527	0.5221	0.6763	0.1474	0.3979	0.3354	0.1783	0.1219	0.5673	0.1618	0.6792	0.7041	0.2813	0.6587	0.1172	0.3420	0.5212	0.4990	0.5820	0.4133	0.5824	0.6451	0.1984	0.3771	0.1860	0.1417	0.6125	0.7278	0.3302	0.5538	0.3002	0.2244	0.2016	0.1591	0.5838	0.6648	0.5829	0.2057	0.5024	0.4049	0.1333	0.4998
12	0.4462	0.2232	0.7189	0.3392	0.2398	0.7324	0.1916	0.1298	0.7695	0.5386	0.6975	0.1697	0.4335	0.3574	0.1998	0.1338	0.5893	0.1808	0.7069	0.7227	0.3086	0.6723	0.1364	0.3730	0.5166	0.5099	0.6245	0.4315	0.5982	0.6562	0.2293	0.3847	0.2105	0.1580	0.6363	0.7495	0.3527	0.5758	0.3283	0.2511	0.2198	0.1808	0.6075	0.6878	0.6023	0.2308	0.5275	0.4290	0.1445	0.5285
13	0.4245	0.2151	0.6952	0.3252	0.2353	0.7171	0.1837	0.1264	0.7449	0.5233	0.6816	0.1633	0.4068	0.3433	0.1916	0.1238	0.5663	0.1732	0.6895	0.6998	0.2970	0.6526	0.1327	0.3610	0.4982	0.4931	0.6313	0.4158	0.5838	0.6365	0.2229	0.3597	0.1983	0.1483	0.6225	0.7326	0.3417	0.5577	0.3171	0.2444	0.2022	0.1765	0.5988	0.6685	0.5746	0.2197	0.5151	0.4188	0.1360	0.5161
14	0.3675	0.1788	0.6393	0.2778	0.2078	0.6652	0.1436	0.0994	0.6898	0.4769	0.6291	0.1273	0.3357	0.3001	0.1549	0.0977	0.5041	0.1469	0.6343	0.6454	0.2505	0.6014	0.1065	0.3056	0.4664	0.4536	0.5895	0.3714	0.5493	0.5895	0.1880	0.3105	0.1556	0.1174	0.5726	0.6805	0.2973	0.5028	0.2702	0.2028	0.1628	0.1444	0.5487	0.6136	0.5114	0.1789	0.4668	0.3711	0.1082	0.4653
15	0.2892	0.1169	0.5511	0.2010	0.1534	0.5768	0.0802	0.0564	0.5993	0.3948	0.5395	0.0704	0.2487	0.2278	0.0970	0.0601	0.4112	0.0991	0.5376	0.5647	0.1758	0.5181	0.0626	0.2179	0.4042	0.3958	0.5133	0.3009	0.4949	0.5221	0.1338	0.2384	0.0907	0.0688	0.4893	0.5938	0.2261	0.4168	0.1979	0.1357	0.1077	0.0899	0.4649	0.5246	0.4189	0.1127	0.3825	0.2947	0.0659	0.3740
16	0.1938	0.0479	0.4361	0.1117	0.0867	0.4674	0.0184	0.0155	0.4804	0.2847	0.4238	0.0163	0.1575	0.1363	0.0355	0.0217	0.3014	0.0427	0.4105	0.4545	0.0873	0.4076	0.0182	0.1148	0.3087	0.3177	0.4159	0.2134	0.4110	0.4352	0.0718	0.1529	0.0284	0.0195	0.3765	0.4809	0.1418	0.3059	0.1153	0.0674	0.0469	0.0325	0.3626	0.4033	0.3047	0.0504	0.2741	0.1984	0.0231	0.2616
17	0.0954	0.0095	0.3030	0.0354	0.0413	0.3427	0.0006	0.0022	0.3509	0.1662	0.2984	0.0011	0.0762	0.0527	0.0042	0.0027	0.1868	0.0083	0.2646	0.3366	0.0229	0.2882	0.0036	0.0308	0.2054	0.2357	0.3068	0.1199	0.3099	0.3358	0.0215	0.0719	0.0031	0.0020	0.2489	0.3563	0.0615	0.1863	0.0475	0.0256	0.0109	0.0057	0.2477	0.2653	0.1805	0.0169	0.1557	0.0989	0.0045	0.1452
18	0.0250	0.0005	0.1685	0.0048	0.0152	0.2148	0.0000	0.0000	0.2202	0.0675	0.1695	0.0000	0.0250	0.0116	0.0000	0.0000	0.0801	0.0001	0.1228	0.2171	0.0015	0.1653	0.0001	0.0019	0.1187	0.1480	0.1909	0.0445	0.2014	0.2256	0.0011	0.0198	0.0000	0.0000	0.1255	0.2271	0.0137	0.0745	0.0083	0.0049	0.0008	0.0007	0.1314	0.1336	0.0685	0.0017	0.0564	0.0314	0.0001	0.0524
19	0.0027	0.0000	0.0552	0.0004	0.0051	0.0994	0.0000	0.0000	0.1021	0.0117	0.0567	0.0000	0.0068	0.0012	0.0000	0.0000	0.0162	0.0000	0.0305	0.1084	0.0000	0.0619	0.0000	0.0000	0.0401	0.0670	0.0815	0.0098	0.0972	0.1127	0.0000	0.0035	0.0000	0.0000	0.0333	0.1047	0.0013	0.0124	0.0003	0.0000	0.0000	0.0000	0.0386	0.0353	0.0086	0.0000	0.0091	0.0053	0.0000	0.0106
20	0.0001	0.0000	0.0030	0.0000	0.0007	0.0165	0.0000	0.0000	0.0178	0.0003	0.0033	0.0000	0.0006	0.0000	0.0000	0.0000	0.0006	0.0000	0.0029	0.0231	0.0000	0.0071	0.0000	0.0000	0.0029	0.0105	0.0116	0.0006	0.0174	0.0233	0.0000	0.0001	0.0000	0.0000	0.0021	0.0172	0.0001	0.0007	0.0000	0.0000	0.0000	0.0000	0.0024	0.0012	0.0002	0.0000	0.0004	0.0002	0.0000	0.0005
21	0.0000	0.0000	0.0000	0.0000	0.0000	0.0000	0.0000	0.0000	0.0000	0.0000	0.0000	0.0000	0.0000	0.0000	0.0000	0.0000	0.0000	0.0000	0.0000	0.0000	0.0000	0.0000	0.0000	0.0000	0.0000	0.0000	0.0000	0.0000	0.0000	0.0000	0.0000	0.0000	0.0000	0.0000	0.0000	0.0000	0.0000	0.0000	0.0000	0.0000	0.0000	0.0000	0.0000	0.0000	0.0000	0.0000	0.0000	0.0000	0.0000	0.0000
22	0.0000	0.0000	0.0000	0.0000	0.0000	0.0000	0.0000	0.0000	0.0000	0.0000	0.0000	0.0000	0.0000	0.0000	0.0000	0.0000	0.0000	0.0000	0.0000	0.0000	0.0000	0.0000	0.0000	0.0000	0.0000	0.0000	0.0000	0.0000	0.0000	0.0000	0.0000	0.0000	0.0000	0.0000	0.0000	0.0000	0.0000	0.0000	0.0000	0.0000	0.0000	0.0000	0.0000	0.0000	0.0000	0.0000	0.0000	0.0000	0.0000	0.0000
23	0.0000	0.0000	0.0000	0.0000	0.0000	0.0000	0.0000	0.0000	0.0000	0.0000	0.0000	0.0000	0.0000	0.0000	0.0000	0.0000	0.0000	0.0000	0.0000	0.0000	0.0000	0.0000	0.0000	0.0000	0.0000	0.0000	0.0000	0.0000	0.0000	0.0000	0.0000	0.0000	0.0000	0.0000	0.0000	0.0000	0.0000	0.0000	0.0000	0.0000	0.0000	0.0000	0.0000	0.0000	0.0000	0.0000	0.0000	0.0000	0.0000	0.0000
24	0.0000	0.0000	0.0000	0.0000	0.0000	0.0000	0.0000	0.0000	0.0000	0.0000	0.0000	0.0000	0.0000	0.0000	0.0000	0.0000	0.0000	0.0000	0.0000	0.0000	0.0000	0.0000	0.0000	0.0000	0.0000	0.0000	0.0000	0.0000	0.0000	0.0000	0.0000	0.0000	0.0000	0.0000	0.0000	0.0000	0.0000	0.0000	0.0000	0.0000	0.0000	0.0000	0.0000	0.0000	0.0000	0.0000	0.0000	0.0000	0.0000	0.0000
;

param	f_WT: 	1	2	3	4	5	6	7	8	9	10	11	12	13	14	15	16	17	18	19	20	21	22	23	24	25	26	27	28	29	30	31	32	33	34	35	36	37	38	39	40	41	42	43	44	45	46	47	48	49	50	:=
1	0.2024	0.5838	0.1498	0.3509	0.7424	0.1834	0.1068	0.4266	0.1589	0.2366	0.1575	0.1877	0.2678	0.1298	0.2341	0.5847	0.2239	0.7799	0.3717	0.1036	0.1364	0.1645	0.4625	0.1502	0.3361	0.1080	0.5585	0.2227	0.2093	0.2064	0.4808	0.3353	0.2584	0.3084	0.1668	0.2212	0.1392	0.1161	0.7290	0.6804	0.3265	0.3575	0.3945	0.2941	0.1106	0.3367	0.4135	0.1659	0.2938	0.1803
2	0.1962	0.5840	0.1454	0.3470	0.7503	0.1777	0.1012	0.4224	0.1512	0.2344	0.1514	0.1829	0.2686	0.1211	0.2293	0.5891	0.2202	0.7937	0.3753	0.1085	0.1297	0.1563	0.4741	0.1408	0.3429	0.1024	0.5582	0.2246	0.2172	0.2095	0.4811	0.3320	0.2517	0.3015	0.1616	0.2221	0.1350	0.1058	0.7485	0.6881	0.3112	0.3472	0.3933	0.2895	0.1027	0.3320	0.4250	0.1617	0.2875	0.1752
3	0.1924	0.5859	0.1418	0.3448	0.7538	0.1729	0.0960	0.4203	0.1446	0.2312	0.1459	0.1776	0.2727	0.1149	0.2300	0.5983	0.2167	0.8013	0.3793	0.1166	0.1248	0.1502	0.4897	0.1332	0.3447	0.0976	0.5588	0.2267	0.2274	0.2118	0.4816	0.3325	0.2493	0.2972	0.1553	0.2244	0.1312	0.0974	0.7618	0.6881	0.2941	0.3383	0.3900	0.2886	0.0968	0.3307	0.4332	0.1629	0.2851	0.1723
4	0.1858	0.5802	0.1358	0.3387	0.7570	0.1655	0.0909	0.4171	0.1366	0.2234	0.1389	0.1684	0.2789	0.1075	0.2341	0.6058	0.2104	0.8033	0.3794	0.1222	0.1191	0.1414	0.5017	0.1255	0.3413	0.0935	0.5659	0.2282	0.2293	0.2076	0.4797	0.3345	0.2479	0.2927	0.1475	0.2151	0.1240	0.0888	0.7712	0.6793	0.2749	0.3341	0.3806	0.2854	0.0904	0.3245	0.4315	0.1600	0.2786	0.1688
5	0.1808	0.5696	0.1240	0.3319	0.7617	0.1405	0.0863	0.4169	0.1136	0.2146	0.1271	0.1566	0.2915	0.1005	0.2381	0.6058	0.2021	0.8037	0.3749	0.1110	0.1140	0.1252	0.5109	0.1186	0.3323	0.0837	0.5633	0.2296	0.2117	0.1904	0.4851	0.3318	0.2473	0.2874	0.1381	0.1842	0.1174	0.0806	0.7786	0.6625	0.2537	0.3328	0.3715	0.2774	0.0836	0.3196	0.4302	0.1536	0.2756	0.1666
6	0.1755	0.5563	0.0930	0.3198	0.7641	0.1077	0.0835	0.4202	0.0870	0.1972	0.0995	0.1463	0.3059	0.0956	0.2457	0.6124	0.1821	0.8016	0.3607	0.0876	0.1097	0.1012	0.5169	0.1142	0.3198	0.0644	0.5840	0.2272	0.2081	0.1776	0.5011	0.3341	0.2448	0.2837	0.1167	0.1498	0.1143	0.0711	0.7804	0.6455	0.2382	0.3344	0.3601	0.2472	0.0740	0.3178	0.4266	0.1470	0.2743	0.1619
7	0.1606	0.5371	0.0761	0.3018	0.7663	0.1074	0.0823	0.4241	0.0791	0.1744	0.0871	0.1355	0.3152	0.0885	0.2563	0.6163	0.1554	0.8000	0.3625	0.0843	0.1061	0.0905	0.5258	0.1094	0.3415	0.0610	0.6453	0.2161	0.2427	0.1848	0.5324	0.3353	0.2445	0.2813	0.1023	0.1478	0.1072	0.0540	0.7785	0.6271	0.2264	0.3360	0.3937	0.2392	0.0543	0.3244	0.4145	0.1358	0.2799	0.1479
8	0.1521	0.5106	0.0805	0.2760	0.7705	0.1189	0.0819	0.4266	0.0803	0.1712	0.0895	0.1252	0.3362	0.0767	0.2642	0.6116	0.1489	0.7979	0.4134	0.0862	0.0991	0.0910	0.5312	0.0979	0.3971	0.0676	0.6939	0.2076	0.2802	0.1989	0.5739	0.3440	0.2401	0.2784	0.1079	0.1509	0.0896	0.0446	0.7870	0.6049	0.2123	0.3378	0.4494	0.2699	0.0433	0.3316	0.4305	0.1262	0.2899	0.1417
9	0.1654	0.4885	0.0898	0.2537	0.7756	0.1328	0.0771	0.4288	0.0836	0.1845	0.0977	0.1096	0.3887	0.0697	0.2663	0.6163	0.1545	0.7948	0.4656	0.0873	0.0905	0.0979	0.5348	0.0857	0.4584	0.0747	0.7248	0.2268	0.3153	0.2159	0.6271	0.3973	0.2287	0.2660	0.1206	0.1581	0.0804	0.0450	0.7896	0.5876	0.2026	0.3320	0.4807	0.3081	0.0443	0.3396	0.4744	0.1276	0.3006	0.1609
10	0.1843	0.4680	0.0987	0.2507	0.7856	0.1440	0.0682	0.4303	0.0857	0.1983	0.1038	0.0911	0.4545	0.0716	0.2684	0.6326	0.1636	0.7964	0.5041	0.0915	0.0906	0.1058	0.5405	0.0872	0.5109	0.0787	0.7391	0.2549	0.3450	0.2295	0.6933	0.4616	0.2160	0.2443	0.1330	0.1654	0.0851	0.0455	0.7839	0.5696	0.1978	0.3236	0.4907	0.3374	0.0483	0.3515	0.4961	0.1363	0.3253	0.1878
11	0.1980	0.4533	0.1047	0.2557	0.7920	0.1515	0.0630	0.4396	0.0870	0.2065	0.1076	0.0798	0.5139	0.0759	0.2842	0.6704	0.1714	0.8034	0.5293	0.0981	0.0946	0.1129	0.5518	0.0921	0.5476	0.0809	0.7471	0.2722	0.3696	0.2369	0.7468	0.4978	0.2157	0.2307	0.1416	0.1721	0.0913	0.0455	0.7758	0.5571	0.2006	0.3239	0.4900	0.3585	0.0518	0.3732	0.4972	0.1392	0.3608	0.2087
12	0.2044	0.4437	0.1085	0.2524	0.8016	0.1575	0.0614	0.4587	0.0893	0.2125	0.1102	0.0752	0.5608	0.0762	0.3089	0.7058	0.1787	0.8109	0.5412	0.1063	0.0990	0.1199	0.5658	0.0984	0.5771	0.0830	0.7546	0.2810	0.3908	0.2386	0.7797	0.5194	0.2240	0.2252	0.1481	0.1794	0.0962	0.0463	0.7721	0.5487	0.2189	0.3342	0.4820	0.3737	0.0546	0.3979	0.4895	0.1387	0.4147	0.2305
13	0.2060	0.4250	0.1098	0.2429	0.8029	0.1625	0.0605	0.4636	0.0924	0.2159	0.1115	0.0724	0.5895	0.0752	0.3284	0.7280	0.1858	0.8108	0.5471	0.1161	0.1016	0.1270	0.5725	0.1044	0.6079	0.0861	0.7569	0.2848	0.4059	0.2386	0.8020	0.5279	0.2308	0.2157	0.1522	0.1864	0.1003	0.0480	0.7677	0.5256	0.2386	0.3437	0.4703	0.3820	0.0571	0.4138	0.4758	0.1400	0.4610	0.2520
14	0.2050	0.3918	0.1098	0.2299	0.7987	0.1650	0.0601	0.4598	0.0958	0.2148	0.1127	0.0713	0.6069	0.0754	0.3407	0.7398	0.1903	0.8035	0.5540	0.1245	0.1023	0.1330	0.5676	0.1092	0.6330	0.0888	0.7497	0.2864	0.4118	0.2381	0.8101	0.5234	0.2329	0.2046	0.1540	0.1902	0.1024	0.0510	0.7577	0.4908	0.2509	0.3507	0.4535	0.3857	0.0593	0.4319	0.4543	0.1418	0.5018	0.2701
15	0.2004	0.3540	0.1101	0.2105	0.7853	0.1642	0.0659	0.4571	0.0990	0.2086	0.1133	0.0786	0.6132	0.0763	0.3505	0.7472	0.1900	0.7918	0.5594	0.1261	0.1033	0.1369	0.5619	0.1109	0.6431	0.0907	0.7335	0.2865	0.4063	0.2352	0.8072	0.5073	0.2397	0.1977	0.1549	0.1899	0.1019	0.0542	0.7354	0.4467	0.2601	0.3584	0.4285	0.3843	0.0603	0.4653	0.4229	0.1417	0.5377	0.2829
16	0.1918	0.3246	0.1111	0.1895	0.7656	0.1625	0.0842	0.4635	0.1025	0.1967	0.1133	0.0961	0.6031	0.0794	0.3727	0.7550	0.1845	0.7741	0.5593	0.1253	0.1112	0.1417	0.5591	0.1148	0.6375	0.0921	0.7103	0.2817	0.3894	0.2279	0.8006	0.4830	0.2671	0.2044	0.1522	0.1874	0.1024	0.0566	0.6998	0.4034	0.2686	0.3759	0.3967	0.3747	0.0593	0.5113	0.3784	0.1404	0.5723	0.2898
17	0.1878	0.3068	0.1117	0.1810	0.7444	0.1591	0.1047	0.4681	0.1062	0.1811	0.1124	0.1143	0.5900	0.0910	0.3935	0.7620	0.1764	0.7475	0.5437	0.1232	0.1316	0.1418	0.5572	0.1276	0.6145	0.0922	0.6748	0.2771	0.3614	0.2180	0.7948	0.4583	0.2955	0.2142	0.1443	0.1822	0.1115	0.0611	0.6596	0.3659	0.2780	0.3953	0.3564	0.3579	0.0572	0.5508	0.3178	0.1446	0.6086	0.2946
18	0.2037	0.2968	0.1135	0.1840	0.7231	0.1567	0.1185	0.4720	0.1086	0.1713	0.1130	0.1268	0.5889	0.1106	0.4048	0.7674	0.1768	0.7223	0.5364	0.1183	0.1520	0.1353	0.5565	0.1466	0.5739	0.0910	0.6283	0.2803	0.3184	0.2069	0.7844	0.4501	0.3074	0.2158	0.1374	0.1752	0.1297	0.0754	0.6222	0.3422	0.2844	0.4067	0.3075	0.3468	0.0607	0.5967	0.2688	0.1600	0.6376	0.3150
19	0.2201	0.2897	0.1275	0.1850	0.7007	0.1609	0.1264	0.4736	0.1162	0.1741	0.1251	0.1331	0.5772	0.1308	0.4063	0.7686	0.1900	0.7028	0.5348	0.1125	0.1623	0.1391	0.5538	0.1594	0.5322	0.0930	0.5794	0.2860	0.2708	0.1965	0.7704	0.4399	0.3137	0.2118	0.1434	0.1734	0.1468	0.0981	0.5915	0.3355	0.2857	0.4113	0.2758	0.3473	0.0710	0.6342	0.2468	0.1702	0.6609	0.3350
20	0.2229	0.2810	0.1497	0.1798	0.6813	0.1802	0.1290	0.4741	0.1353	0.1776	0.1450	0.1353	0.5542	0.1457	0.4021	0.7688	0.2018	0.6864	0.5191	0.1215	0.1655	0.1528	0.5382	0.1668	0.4950	0.1025	0.5506	0.2901	0.2529	0.2041	0.7601	0.4372	0.3176	0.2060	0.1564	0.1874	0.1595	0.1135	0.5674	0.3338	0.2827	0.4185	0.2728	0.3506	0.0799	0.6617	0.2343	0.1720	0.6780	0.3409
21	0.2189	0.2745	0.1624	0.1732	0.6647	0.1947	0.1280	0.4689	0.1479	0.1771	0.1539	0.1358	0.5388	0.1555	0.3983	0.7665	0.2070	0.6722	0.4987	0.1349	0.1644	0.1604	0.5168	0.1721	0.4645	0.1095	0.5360	0.2937	0.2507	0.2216	0.7428	0.4396	0.3206	0.1995	0.1634	0.1973	0.1673	0.1203	0.5398	0.3326	0.2777	0.4294	0.2779	0.3469	0.0853	0.6725	0.2242	0.1709	0.6877	0.3433
22	0.2143	0.2741	0.1676	0.1702	0.6560	0.1978	0.1269	0.4644	0.1466	0.1739	0.1561	0.1377	0.5398	0.1592	0.3982	0.7643	0.2100	0.6633	0.4776	0.1396	0.1640	0.1648	0.4961	0.1772	0.4428	0.1107	0.5221	0.2979	0.2495	0.2308	0.7286	0.4418	0.3257	0.1955	0.1708	0.1963	0.1703	0.1234	0.5145	0.3305	0.2781	0.4347	0.2860	0.3376	0.0906	0.6775	0.2188	0.1683	0.6880	0.3449
23	0.2092	0.2756	0.1697	0.1703	0.6529	0.1988	0.1267	0.4568	0.1417	0.1696	0.1572	0.1417	0.5358	0.1594	0.3954	0.7581	0.2110	0.6485	0.4533	0.1373	0.1649	0.1695	0.4771	0.1804	0.4217	0.1109	0.5068	0.3010	0.2485	0.2319	0.7130	0.4370	0.3292	0.1926	0.1801	0.1937	0.1721	0.1268	0.4890	0.3312	0.2798	0.4347	0.2917	0.3211	0.0972	0.6741	0.2143	0.1649	0.6857	0.3436
24	0.2020	0.2794	0.1692	0.1715	0.6421	0.1969	0.1278	0.4525	0.1373	0.1662	0.1565	0.1452	0.5291	0.1573	0.3914	0.7472	0.2091	0.6259	0.4303	0.1332	0.1648	0.1738	0.4626	0.1801	0.4006	0.1115	0.4863	0.3016	0.2462	0.2305	0.6912	0.4319	0.3307	0.1912	0.1867	0.1928	0.1720	0.1292	0.4690	0.3332	0.2755	0.4369	0.2870	0.3037	0.1034	0.6651	0.2136	0.1579	0.6720	0.3350
;	
	
param	f_SD: 	1	2	3	4	5	6	7	8	9	10	11	12	13	14	15	16	17	18	19	20	21	22	23	24	25	26	27	28	29	30	31	32	33	34	35	36	37	38	39	40	41	42	43	44	45	46	47	48	49	50	:=
1	0.4087	0.5522	0.5206	0.5343	0.4260	0.5038	0.5678	0.5437	0.5272	0.4874	0.5026	0.5556	0.5045	0.5160	0.5608	0.4995	0.5182	0.5633	0.5005	0.4868	0.4392	0.3835	0.5672	0.5488	0.3891	0.5221	0.5058	0.5083	0.5203	0.5199	0.5587	0.5164	0.5488	0.5635	0.4012	0.4110	0.5163	0.5027	0.5413	0.4437	0.4660	0.4501	0.4782	0.5216	0.5186	0.4380	0.5153	0.3934	0.5561	0.5179
2	0.4034	0.5406	0.5149	0.5262	0.4105	0.4949	0.5545	0.5263	0.5202	0.4791	0.4947	0.5383	0.4950	0.5062	0.5486	0.4823	0.5129	0.5513	0.4927	0.4760	0.4273	0.3739	0.5553	0.5392	0.3812	0.5158	0.5001	0.5034	0.5140	0.5140	0.5483	0.5123	0.5327	0.5505	0.3952	0.4039	0.5130	0.4954	0.5297	0.4297	0.4530	0.4353	0.4704	0.5163	0.5137	0.4175	0.5107	0.3828	0.5433	0.5107
3	0.4057	0.5368	0.5157	0.5257	0.4053	0.4911	0.5503	0.5172	0.5198	0.4765	0.4918	0.5298	0.4913	0.5026	0.5445	0.4769	0.5144	0.5469	0.4903	0.4727	0.4242	0.3698	0.5515	0.5369	0.3795	0.5161	0.4999	0.5059	0.5142	0.5143	0.5454	0.5148	0.5245	0.5463	0.3968	0.4037	0.5168	0.4939	0.5253	0.4249	0.4447	0.4301	0.4684	0.5180	0.5160	0.4068	0.5136	0.3788	0.5388	0.5084
4	0.4255	0.5426	0.5298	0.5369	0.4080	0.4844	0.5552	0.5152	0.5260	0.4789	0.4926	0.5287	0.4934	0.5059	0.5496	0.4777	0.5324	0.5508	0.4935	0.4676	0.4310	0.3651	0.5564	0.5424	0.3836	0.5239	0.5057	0.5248	0.5211	0.5207	0.5531	0.5353	0.5227	0.5511	0.4130	0.4091	0.5392	0.5005	0.5285	0.4295	0.4436	0.4379	0.4739	0.5352	0.5346	0.4037	0.5333	0.3807	0.5431	0.5133
5	0.4868	0.5702	0.5707	0.5775	0.4281	0.4918	0.5818	0.5222	0.5729	0.4871	0.4983	0.5376	0.5046	0.5218	0.5769	0.4923	0.5849	0.5751	0.5013	0.4816	0.4619	0.3702	0.5828	0.5674	0.4037	0.5671	0.5353	0.5819	0.5655	0.5687	0.5829	0.5960	0.5304	0.5778	0.4622	0.4595	0.6060	0.5212	0.5476	0.4561	0.4524	0.4654	0.4943	0.5838	0.5886	0.4112	0.5898	0.3921	0.5679	0.5300
6	0.5791	0.6432	0.6344	0.6601	0.4655	0.5122	0.6580	0.5438	0.6475	0.5029	0.5145	0.5613	0.5256	0.5537	0.6504	0.5356	0.6602	0.6459	0.5129	0.5099	0.5418	0.3965	0.6577	0.6414	0.4476	0.6401	0.5858	0.6664	0.6416	0.6470	0.6569	0.6863	0.5539	0.6541	0.5432	0.5458	0.7018	0.5493	0.5835	0.5200	0.4768	0.5423	0.5326	0.6545	0.6623	0.4369	0.6713	0.4164	0.6374	0.5570
7	0.6457	0.7389	0.6807	0.7441	0.5122	0.5375	0.7705	0.5777	0.7002	0.5292	0.5337	0.5994	0.5536	0.5901	0.7542	0.6014	0.7134	0.7455	0.5236	0.5376	0.6480	0.4351	0.7653	0.7385	0.4990	0.6951	0.6278	0.7260	0.6990	0.7051	0.7474	0.7429	0.5911	0.7657	0.6099	0.6149	0.7566	0.5809	0.6212	0.6066	0.5146	0.6588	0.5740	0.7030	0.7161	0.4792	0.7269	0.4534	0.7363	0.5864
8	0.6757	0.7970	0.6946	0.7872	0.5556	0.5558	0.8366	0.6207	0.7179	0.5518	0.5455	0.6430	0.5812	0.6253	0.8137	0.6543	0.7288	0.8066	0.5242	0.5531	0.7095	0.4710	0.8319	0.7903	0.5363	0.7158	0.6485	0.7482	0.7229	0.7247	0.8023	0.7618	0.6339	0.8330	0.6395	0.6471	0.7731	0.5958	0.6530	0.6628	0.5558	0.7229	0.6022	0.7151	0.7321	0.5296	0.7442	0.4939	0.8004	0.6045
9	0.6794	0.8145	0.6896	0.7958	0.5890	0.5589	0.8561	0.6610	0.7146	0.5585	0.5437	0.6793	0.5924	0.6427	0.8324	0.6873	0.7230	0.8264	0.5157	0.5524	0.7310	0.4885	0.8515	0.7990	0.5539	0.7177	0.6530	0.7444	0.7263	0.7240	0.8176	0.7570	0.6703	0.8527	0.6465	0.6551	0.7667	0.5925	0.6730	0.6876	0.5874	0.7454	0.6132	0.7078	0.7254	0.5698	0.7346	0.5160	0.8229	0.6044
10	0.6787	0.8108	0.6839	0.7867	0.6080	0.5557	0.8525	0.6849	0.7106	0.5574	0.5376	0.6952	0.5936	0.6415	0.8275	0.7025	0.7184	0.8266	0.5039	0.5472	0.7315	0.4932	0.8496	0.7844	0.5624	0.7178	0.6515	0.7377	0.7263	0.7215	0.8151	0.7513	0.6852	0.8520	0.6482	0.6590	0.7577	0.5833	0.6778	0.6936	0.6033	0.7531	0.6152	0.7002	0.7181	0.5898	0.7241	0.5236	0.8242	0.5964
11	0.6689	0.8033	0.6736	0.7745	0.6124	0.5515	0.8448	0.6962	0.6998	0.5554	0.5311	0.6966	0.5929	0.6329	0.8199	0.7082	0.7087	0.8235	0.4939	0.5405	0.7271	0.4911	0.8451	0.7708	0.5617	0.7106	0.6431	0.7265	0.7170	0.7106	0.8090	0.7400	0.6856	0.8480	0.6394	0.6510	0.7422	0.5745	0.6750	0.6959	0.6093	0.7477	0.6108	0.6867	0.7053	0.5946	0.7075	0.5230	0.8206	0.5866
12	0.6686	0.7929	0.6731	0.7644	0.6127	0.5442	0.8312	0.7005	0.7014	0.5470	0.5232	0.6953	0.5903	0.6237	0.8062	0.7036	0.7086	0.8137	0.4834	0.5347	0.7160	0.4818	0.8326	0.7552	0.5578	0.7107	0.6353	0.7246	0.7150	0.7106	0.8005	0.7374	0.6818	0.8352	0.6389	0.6524	0.7415	0.5659	0.6730	0.6911	0.6109	0.7368	0.6031	0.6832	0.7047	0.5950	0.7041	0.5152	0.8111	0.5776
13	0.6647	0.7918	0.6699	0.7620	0.6071	0.5393	0.8327	0.6957	0.6992	0.5387	0.5183	0.6905	0.5892	0.6133	0.8056	0.7022	0.7068	0.8129	0.4774	0.5309	0.7153	0.4717	0.8339	0.7561	0.5494	0.7054	0.6291	0.7217	0.7077	0.7091	0.7999	0.7337	0.6753	0.8371	0.6324	0.6475	0.7388	0.5603	0.6691	0.6894	0.6053	0.7383	0.5946	0.6794	0.7015	0.5858	0.7011	0.5039	0.8122	0.5706
14	0.6596	0.7914	0.6703	0.7611	0.6013	0.5396	0.8335	0.6907	0.6993	0.5378	0.5196	0.6884	0.5889	0.6090	0.8055	0.6985	0.7073	0.8088	0.4821	0.5335	0.7110	0.4650	0.8326	0.7579	0.5429	0.7011	0.6252	0.7192	0.7026	0.7081	0.7983	0.7340	0.6743	0.8365	0.6259	0.6420	0.7398	0.5603	0.6690	0.6843	0.6015	0.7346	0.5887	0.6793	0.7011	0.5781	0.7013	0.4966	0.8127	0.5700
15	0.6599	0.7971	0.6780	0.7667	0.6010	0.5516	0.8386	0.6903	0.7051	0.5516	0.5342	0.6927	0.6003	0.6178	0.8107	0.6991	0.7134	0.8120	0.5021	0.5448	0.7093	0.4700	0.8357	0.7668	0.5448	0.7019	0.6290	0.7238	0.7029	0.7114	0.8027	0.7424	0.6805	0.8396	0.6244	0.6404	0.7483	0.5727	0.6748	0.6828	0.6038	0.7328	0.5942	0.6880	0.7076	0.5755	0.7093	0.5020	0.8176	0.5809
16	0.6669	0.8150	0.6952	0.7832	0.6200	0.5831	0.8566	0.7095	0.7182	0.5899	0.5703	0.7158	0.6298	0.6462	0.8292	0.7162	0.7281	0.8284	0.5503	0.5741	0.7190	0.4908	0.8529	0.7871	0.5595	0.7137	0.6506	0.7387	0.7119	0.7234	0.8152	0.7596	0.7033	0.8541	0.6280	0.6411	0.7658	0.6064	0.6953	0.6962	0.6275	0.7481	0.6149	0.7069	0.7232	0.5992	0.7283	0.5274	0.8355	0.6137
17	0.6476	0.8458	0.6864	0.8003	0.6485	0.5973	0.8925	0.7540	0.7031	0.6099	0.5890	0.7624	0.6495	0.6751	0.8592	0.7539	0.7154	0.8587	0.5869	0.5824	0.7432	0.4975	0.8849	0.8191	0.5508	0.6963	0.6457	0.7267	0.6939	0.7055	0.8334	0.7481	0.7495	0.8861	0.6012	0.6137	0.7533	0.6220	0.7276	0.7220	0.6744	0.7793	0.6146	0.6981	0.7131	0.6434	0.7227	0.5490	0.8688	0.6427
18	0.6466	0.8289	0.6812	0.7971	0.6413	0.6017	0.8620	0.7459	0.6938	0.6169	0.5974	0.7513	0.6586	0.6884	0.8370	0.7417	0.7060	0.8376	0.6042	0.5864	0.7391	0.4921	0.8527	0.8148	0.5383	0.6825	0.6408	0.7218	0.6794	0.6945	0.8222	0.7497	0.7459	0.8581	0.5826	0.5941	0.7577	0.6270	0.7327	0.7121	0.6830	0.7588	0.6083	0.6901	0.7060	0.6433	0.7209	0.5614	0.8398	0.6559
19	0.6460	0.8062	0.6729	0.7811	0.6332	0.6033	0.8313	0.7235	0.6819	0.6228	0.6032	0.7271	0.6601	0.6832	0.8094	0.7166	0.7050	0.8139	0.6156	0.5891	0.7243	0.4871	0.8241	0.8081	0.5298	0.6683	0.6323	0.7170	0.6645	0.6789	0.8034	0.7378	0.7243	0.8295	0.5700	0.5731	0.7445	0.6353	0.7259	0.6979	0.6649	0.7341	0.6041	0.6825	0.7094	0.6284	0.7228	0.5632	0.8133	0.6645
20	0.6144	0.7665	0.6681	0.7418	0.6065	0.5971	0.7904	0.6931	0.6626	0.6175	0.6062	0.6969	0.6389	0.6552	0.7690	0.6817	0.6933	0.7732	0.6152	0.5835	0.6818	0.4864	0.7829	0.7705	0.5246	0.6517	0.6223	0.6919	0.6452	0.6577	0.7630	0.7016	0.6930	0.7880	0.5679	0.5512	0.7044	0.6278	0.6970	0.6603	0.6335	0.6923	0.6018	0.6760	0.6975	0.5987	0.7009	0.5451	0.7722	0.6518
21	0.5622	0.7185	0.6505	0.6910	0.5679	0.5997	0.7407	0.6570	0.6541	0.5920	0.5995	0.6625	0.6082	0.6205	0.7202	0.6419	0.6548	0.7255	0.5959	0.5840	0.6288	0.4855	0.7349	0.7208	0.5087	0.6417	0.6153	0.6469	0.6365	0.6467	0.7147	0.6520	0.6568	0.7373	0.5403	0.5442	0.6526	0.6014	0.6590	0.6113	0.5957	0.6396	0.5852	0.6484	0.6543	0.5627	0.6552	0.5129	0.7236	0.6230
22	0.5145	0.6667	0.6156	0.6395	0.5270	0.5760	0.6851	0.6213	0.6269	0.5544	0.5699	0.6287	0.5731	0.5842	0.6681	0.6008	0.6131	0.6735	0.5661	0.5630	0.5713	0.4546	0.6813	0.6657	0.4714	0.6126	0.5886	0.6034	0.6098	0.6205	0.6659	0.6080	0.6225	0.6814	0.5007	0.5166	0.6077	0.5674	0.6227	0.5609	0.5581	0.5823	0.5520	0.6107	0.6129	0.5282	0.6114	0.4728	0.6714	0.5887
23	0.4646	0.6221	0.5725	0.5946	0.4830	0.5416	0.6378	0.5823	0.5808	0.5200	0.5369	0.5919	0.5375	0.5456	0.6238	0.5602	0.5682	0.6291	0.5343	0.5267	0.5203	0.4199	0.6352	0.6192	0.4296	0.5698	0.5513	0.5581	0.5663	0.5739	0.6222	0.5635	0.5846	0.6348	0.4526	0.4673	0.5630	0.5331	0.5832	0.5171	0.5166	0.5323	0.5150	0.5666	0.5683	0.4884	0.5668	0.4332	0.6261	0.5538
24	0.4304	0.5854	0.5420	0.5569	0.4567	0.5150	0.5984	0.5534	0.5481	0.4965	0.5117	0.5649	0.5109	0.5170	0.5868	0.5229	0.5369	0.5925	0.5111	0.4993	0.4747	0.3916	0.5992	0.5783	0.3996	0.5387	0.5251	0.5260	0.5346	0.5411	0.5863	0.5327	0.5547	0.5924	0.4194	0.4320	0.5326	0.5076	0.5531	0.4814	0.4870	0.4852	0.4871	0.5356	0.5366	0.4468	0.5352	0.4031	0.5865	0.5270
;

param: S: 	prob		:=
1	0.0197876
2	0.0212355
3	0.0415058
4	0.0188224
5	0.0082046
6	0.0337838
7	0.0376448
8	0.0197876
9	0.0337838
10	0.0246139
11	0.0444015
12	0.0212355
13	0.0067568
14	0.0173745
15	0.0323359
16	0.0149614
17	0.0318533
18	0.0125483
19	0.0086873
20	0.0048263
21	0.0222008
22	0.0149614
23	0.0168919
24	0.0313707
25	0.0082046
26	0.0236486
27	0.0057915
28	0.0265444
29	0.0159266
30	0.0062741
31	0.0101351
32	0.0193050
33	0.0231660
34	0.0333012
35	0.0231660
36	0.0149614
37	0.0270270
38	0.0246139
39	0.0125483
40	0.0111004
41	0.0120656
42	0.0144788
43	0.0178571
44	0.0173745
45	0.0405405
46	0.0072394
47	0.0154440
48	0.0139961
49	0.0149614
50	0.0207529
;